401.5392404412038 911.8828979010643
506.136735853275 299.603821352406
488.3734504417929 305.8007553058664
602.7499719407102 396.9384008992241
593.3064142353046 394.9711794161488
91.68430891921037 811.5367147015506
397.2384753713855 920.4761062114316
504.9932740623641 297.9918072918943
110.93665433726495 790.5983775398028
913.32325966728 600.4445758392571
391.3553311185883 902.1798105182431
409.90674320564426 905.6225406036904
707.2722762207311 97.23488936567172
406.73910395799606 907.8990104826453
518.8371910514961 280.5607494836051
105.82281282449398 789.7716106768943
901.6974419943298 590.0816839414879
95.40304854635917 804.0637146744656
695.6195020153816 96.34649968310322
403.4278801663755 915.3830987692804
107.69777822450494 807.6367503756879
720.0716803104233 108.12148438567084
606.5712410381675 400.7296469430144
611.8984233950995 395.7558332940943
591.8983890075586 400.23320621736065
601.2379283596645 411.95859373151006
490.2025083594039 292.56385138887015
396.6136989849755 897.1630597447195
693.9992552868081 119.65278150041775
87.49262342520284 803.2567195094653
703.74809365195 100.88688166551208
517.9246836958538 309.3182614505711
502.7628228838711 297.3399207065193
707.052507613237 95.77301977093222
415.8647206847601 913.6448852618338
92.41246362463525 795.6695820447283
718.9910172326765 98.45372601565927
95.21718623553272 804.1598196144222
596.5926716154308 406.3676049856817
394.9957126414989 903.2383698736679
908.4340086171999 603.4050031864158
697.8569596540246 115.51934273225079
605.2786657607859 401.3630074705579
894.7874115398855 615.3607883869568
402.72088292680775 905.085325908586
605.2409209367808 400.53050530709925
915.1550272991727 602.7772889184168
501.8784625884604 295.12941742885266
898.7640027232636 605.0006879686463
900.6891637037537 594.2315744207145
487.9737068461997 292.1897057603345
591.2085268650391 395.0944467745797
897.5717593828883 596.3168819786235
904.577170458645 599.9753170263638
897.7603155951157 605.7872936026897
95.48347720017274 802.7564616906633
501.8626524557278 318.439386788697
99.70053966740339 810.2314281847185
701.9168472176732 112.94588044995818
701.3986523822895 104.08609025658882
